-------------------------
Created on Mon Jun 27 10:42:42 2022
"heirarchalClusteringv1"
-------------------------
{0: (9, 9), 1: (0, 4), 2: (2, 7), 3: (8, 1), 4: (10, 0), 5: (6, 9), 6: (1, 2), 7: (6, 4), 8: (10, 5), 9: (2, 0), 10: (16, 1), 11: (21, 4), 12: (29, 9), 13: (19, 8), 14: (25, 3), 15: (22, 4), 16: (17, 5), 17: (15, 7), 18: (29, 1), 19: (28, 4)}
-------------------------
Iteration 0
[[0], [1], [2], [3], [4], [5], [6], [7], [8], [9], [10], [11, 15], [12], [13], [14], [16], [17], [18], [19]]
(1.0, 11, 15)
-------------------------
Iteration 1
[[0], [1, 6], [2], [3], [4], [5], [7], [8], [9], [10], [11, 15], [12], [13], [14], [16], [17], [18], [19]]
(2.23606797749979, 1, 6)
-------------------------
Iteration 2
[[0], [1, 6, 9], [2], [3], [4], [5], [7], [8], [10], [11, 15], [12], [13], [14], [16], [17], [18], [19]]
(2.23606797749979, 6, 9)
-------------------------
Iteration 3
[[0], [1, 6, 9], [2], [3, 4], [5], [7], [8], [10], [11, 15], [12], [13], [14], [16], [17], [18], [19]]
(2.23606797749979, 3, 4)
-------------------------
Iteration 4
[[0], [1, 6, 9], [2], [3, 4], [5], [7], [8], [10], [11, 15], [12], [13], [14], [16, 17], [18], [19]]
(2.8284271247461903, 16, 17)
-------------------------
Iteration 5
[[0, 5], [1, 6, 9], [2], [3, 4], [7], [8], [10], [11, 15], [12], [13], [14], [16, 17], [18], [19]]
(3.0, 0, 5)
-------------------------
Iteration 6
[[0, 5], [1, 6, 9], [2], [3, 4], [7], [8], [10], [11, 15, 14], [12], [13], [16, 17], [18], [19]]
(3.1622776601683795, 15, 14)
-------------------------
Iteration 7
[[0, 5], [1, 6, 9], [2], [3, 4], [7], [8], [10], [11, 15, 14, 19], [12], [13], [16, 17], [18]]
(3.1622776601683795, 14, 19)
-------------------------
Iteration 8
[[0, 5], [1, 6, 9], [2], [3, 4], [7], [8], [10], [11, 15, 14, 19, 18], [12], [13], [16, 17]]
(3.1622776601683795, 19, 18)
-------------------------
Iteration 9
[[0, 5], [1, 6, 9, 2], [3, 4], [7], [8], [10], [11, 15, 14, 19, 18], [12], [13], [16, 17]]
(3.605551275463989, 1, 2)
-------------------------
Iteration 10
[[0, 5], [1, 6, 9, 2], [3, 4, 7], [8], [10], [11, 15, 14, 19, 18], [12], [13], [16, 17]]
(3.605551275463989, 3, 7)
-------------------------
Iteration 11
[[0, 5], [1, 6, 9, 2], [3, 4, 7], [8], [10], [11, 15, 14, 19, 18], [12], [13, 16, 17]]
(3.605551275463989, 13, 16)
-------------------------
Iteration 12
[[0, 5, 8], [1, 6, 9, 2], [3, 4, 7], [10], [11, 15, 14, 19, 18], [12], [13, 16, 17]]
(4.123105625617661, 0, 8)
-------------------------
Iteration 13
[[0, 5, 8, 3, 4, 7], [1, 6, 9, 2], [10], [11, 15, 14, 19, 18], [12], [13, 16, 17]]
(4.123105625617661, 8, 7)
-------------------------
Iteration 14
[[0, 5, 8, 3, 4, 7], [1, 6, 9, 2], [10, 13, 16, 17], [11, 15, 14, 19, 18], [12]]
(4.123105625617661, 10, 16)
-------------------------
Iteration 15
[[0, 5, 8, 3, 4, 7], [1, 6, 9, 2], [10, 13, 16, 17, 11, 15, 14, 19, 18], [12]]
(4.123105625617661, 16, 11)
-------------------------
Iteration 16
[[0, 5, 8, 3, 4, 7, 1, 6, 9, 2], [10, 13, 16, 17, 11, 15, 14, 19, 18], [12]]
(4.47213595499958, 5, 2)
-------------------------
Iteration 17
[[0, 5, 8, 3, 4, 7, 1, 6, 9, 2], [10, 13, 16, 17, 11, 15, 14, 19, 18, 12]]
(5.0990195135927845, 19, 12)
-------------------------
Iteration 18
[[0, 5, 8, 3, 4, 7, 1, 6, 9, 2, 10, 13, 16, 17, 11, 15, 14, 19, 18, 12]]
(5.385164807134504, 8, 17)
-------------------------
-------------------------
-------------------------
{'A': [0, 5, 8, 3, 4, 7, 1, 6, 9, 2, 10, 13, 16, 17, 11, 15, 14, 19, 18, 12]}
-------------------------
{0: (9, 9), 1: (0, 4), 2: (2, 7), 3: (8, 1), 4: (10, 0), 5: (6, 9), 6: (1, 2), 7: (6, 4), 8: (10, 5), 9: (2, 0), 10: (16, 1), 11: (21, 4), 12: (29, 9), 13: (19, 8), 14: (25, 3), 15: (22, 4), 16: (17, 5), 17: (15, 7), 18: (29, 1), 19: (28, 4)}
-------------------------
